#truck 2
1 13500 2450 2450 20411 10432 914 9979 12716
#pallet 1
1 1200 1600 1800
#demand 10
1 2 1511 1
2 3 1724 1
3 4 1348 1
4 5 1543 1
5 1 1436 1
6 2 1584 1
7 3 2320 1
8 4 1623 1
9 5 5000 1
10 1 1650 1
#distances 5 5
0	1134	870	1357	826	681
1134	0	373	435	653	834
870	373	0	779	288	462
1357	435	779	0	1068	1226
826	653	288	1068	0	217
681	834	462	1226	217	0

